Name  /  Date: 2016_09_25;0:00;1:00;2:00;3:00;4:00;5:00;6:00;7:00;8:00;9:00;10:00;11:00;12:00;13:00;14:00;15:00;16:00;17:00;18:00;19:00;20:00;21:00;22:00;23:00
MQ_03290_FV12_GR (MQ0);247;203;111;107;81;83;85;74;71;136;188;197;264;313;337;307;313;336;344;318;254;138;111;73;
MQ_03020_FV4_L (MQ1);36;22;31;9;5;15;26;14;43;73;86;137;136;145;170;152;134;169;154;130;107;44;38;14;
MQ_03290_FV3_GR (MQ10);170;143;106;82;83;75;65;78;66;107;145;144;181;199;196;213;236;223;233;208;210;128;111;64;
MQ_03020_FV2_L (MQ100);9;4;5;2;0;3;4;2;11;16;19;12;17;20;38;28;32;25;32;33;10;11;1;6;
MQ_03181_FV3_R (MQ1001);0;0;0;0;0;0;0;0;0;1;1;1;2;2;2;1;1;1;2;1;1;0;0;0;
MQ_06170_FV4_L (MQ1002);3;0;3;0;1;0;1;1;4;3;4;5;5;18;16;10;10;14;9;9;6;5;0;0;
MQ_08050_FV3_L (MQ1003);3;2;0;0;1;2;3;3;5;10;24;43;46;46;41;51;33;29;19;7;5;5;0;0;
MQ_06161_FV3_L (MQ1004);35;27;18;14;8;17;17;19;52;101;114;158;149;217;213;219;184;248;233;203;126;55;45;15;
MQ_06170_FV6_L (MQ1005);8;4;2;2;3;2;6;8;12;20;26;25;40;34;28;33;26;30;33;27;16;16;8;3;
MQ_08110_FV1_LO (MQ1006);2;1;1;1;1;0;1;1;4;6;5;6;5;10;10;9;7;10;12;10;6;4;3;1;
MQ_08110_FV3_RO (MQ1007);0;1;0;1;0;1;1;3;7;10;10;9;8;6;9;7;10;8;12;8;6;2;1;0;
LSA 29120 Schleifen (MQ1008);267;196;128;99;89;81;110;120;225;356;586;677;794;894;901;859;821;912;951;716;583;355;257;116;
MQ_06160_FV2_R (MQ1009);54;34;32;24;25;32;17;32;48;76;127;99;123;144;162;174;179;216;206;178;135;58;57;19;
MQ_02020_FV4_L (MQ101);38;23;11;7;9;7;34;19;47;95;108;133;113;161;191;175;162;233;170;158;130;74;46;29;
MQ_03030_FV1_G (MQ1010);98;69;37;22;25;34;57;63;107;205;285;336;404;483;520;475;416;440;456;363;280;179;104;44;
LSA 3290 Schleifen (MQ1012);3820;2878;1876;1626;1395;1310;953;1068;1219;2407;3194;3776;4764;5093;5360;4953;5112;5360;5568;5172;4113;2446;2010;1159;
LSA 8020 Schleifen (MQ1013);4127;3253;1964;1872;1641;1370;941;1004;974;2218;2925;3497;4299;4701;4988;4556;4448;4735;4863;4525;3523;2361;1758;932;
LSA 8030 Schleifen (MQ1014);1689;1394;743;711;587;440;335;337;342;782;1104;1348;1646;1833;1982;1779;1838;1851;1907;1851;1477;907;801;400;
LSA 8031 Schleifen (MQ1015);1973;1491;1185;1139;930;827;570;448;532;650;957;984;1182;1290;1434;1384;1497;1578;1474;1456;1084;532;495;313;
LSA 8032 Schleifen (MQ1017);1438;788;512;468;397;308;272;243;329;716;1098;1260;1492;1593;1747;1636;1619;1709;1691;1558;1288;751;646;510;
LSA 8041 Schleifen (MQ1018);926;529;335;319;268;208;196;176;
LSA 8054 Schleifen (MQ1019);441;297;180;171;120;137;144;165;284;566;766;942;1041;1152;1321;1126;1134;1268;1176;1048;769;479;325;168;
MQ_02020_FV3_L (MQ102);6;10;0;2;3;1;6;7;15;19;22;31;25;27;27;31;19;28;22;23;24;8;9;5;
LSA 8140 Schleifen (MQ1020);260;187;85;109;76;77;89;91;186;365;566;630;741;805;868;815;783;876;905;751;538;337;232;113;
MQ_01210_FV32_L (MQ1021);5;3;2;4;3;3;1;8;15;15;16;19;30;33;26;26;36;59;39;34;28;18;5;7;
MQ_01081_FV3_G (MQ1022);115;86;54;54;47;46;36;43;73;110;172;211;248;243;260;242;253;230;234;234;211;135;110;69;
MQ_03030_FV1_L (MQ1023);1;5;3;2;1;2;3;4;10;11;13;16;20;20;25;28;17;10;8;6;5;4;5;2;
MQ_01200_FV1_G (MQ1024);248;196;116;87;67;65;74;113;170;308;443;616;720;907;1036;878;888;915;821;700;492;334;197;115;
MQ_01121_FV1_G (MQ1025);20;17;14;9;7;5;14;11;48;107;109;161;107;155;122;105;80;80;106;65;55;22;17;13;
MQ_01121_FV3_L (MQ1026);0;0;0;0;0;0;0;0;0;1;1;2;2;2;2;2;2;3;2;1;1;1;1;0;
MQ_01121_FV3_G (MQ1027);11;9;9;6;1;3;2;9;15;25;21;78;92;94;84;83;97;125;80;56;56;26;24;8;
MQ_01121_FV1_R (MQ1028);3;2;2;1;1;1;2;2;7;15;15;22;15;21;17;14;11;11;15;9;8;3;2;2;
MQ_01200_FV1_L (MQ1029);7;41;6;5;1;2;1;5;8;5;19;20;30;27;45;79;37;43;37;36;32;8;8;10;
MQ_01070_FV2_L (MQ1030);;;;;;;;;;;;;;;;;;;;;;;;;
MQ_01121_FV2_G (MQ1031);5;8;6;1;1;1;3;0;1;10;10;10;9;8;9;7;8;6;5;10;12;5;5;4;
MQ_09040_FV1_G (MQ1033);79;58;54;40;37;33;27;37;48;95;119;149;174;175;184;174;188;192;240;194;151;111;61;52;
MQ_09040_FV3_G (MQ1034);59;47;29;23;22;39;31;45;73;146;178;201;178;190;193;188;197;223;256;194;158;93;74;34;
MQ_09050_FV1_G (MQ1035);104;95;74;49;35;32;48;49;101;160;202;251;304;309;316;281;299;331;325;317;221;153;126;54;
MQ_09050_FV3_G (MQ1036);107;83;62;34;26;45;42;53;96;207;229;273;250;252;264;246;259;271;270;249;231;118;87;34;
MQ_09060_FV11_G (MQ1037);103;93;65;49;33;29;48;50;103;155;197;256;284;295;281;283;270;291;300;286;207;145;119;49;
MQ_09060_FV11L (MQ1038);15;2;4;3;3;6;5;5;13;25;18;19;22;30;37;22;28;25;33;24;11;19;6;5;
MQ_09060_FV2_L (MQ1039);19;9;10;5;0;4;11;18;21;48;77;71;80;91;111;79;74;90;86;76;60;31;22;9;
MQ_03023_FV1_G (MQ104);75;56;30;16;17;28;36;51;69;147;196;266;312;409;453;402;410;466;428;301;221;141;86;30;
MQ_09060_FV2_R (MQ1040);4;2;2;1;0;1;2;4;5;10;16;15;16;18;23;16;15;19;18;16;13;6;5;2;
MQ_09060_FV3_G (MQ1041);151;147;111;62;55;56;82;100;179;336;407;515;537;570;538;545;527;519;563;556;450;265;208;78;
MQ_09060_FV3_R (MQ1042);115;110;87;56;44;65;59;75;107;163;192;214;229;251;270;204;224;265;246;242;178;158;145;60;
MQ_03250_FV1_R (MQ1043);8;6;6;4;3;4;3;4;6;9;12;15;21;20;19;18;23;20;24;21;14;12;8;5;
MQ_03250_FV1_G (MQ1044);46;34;31;22;18;20;17;24;33;48;68;86;117;111;109;103;128;115;134;116;82;65;43;29;
MQ_03250_FV1_L (MQ1045);21;13;15;9;10;10;7;14;23;38;55;56;53;57;86;68;56;52;85;61;54;33;14;17;
MQ_03250_FV2_R (MQ1046);16;9;8;9;6;5;6;5;9;20;29;31;38;42;43;44;42;48;48;44;30;17;13;5;
MQ_03250_FV2_G (MQ1047);121;65;54;66;45;37;41;36;64;144;216;224;280;308;312;324;305;353;353;321;217;125;92;34;
MQ_03250_FV2_L (MQ1048);34;34;19;8;12;12;22;12;49;57;73;96;124;118;127;114;104;142;105;129;77;56;50;16;
MQ_03250_FV3_R (MQ1049);18;15;9;6;5;9;9;11;20;42;47;58;53;48;54;51;52;51;55;54;43;22;19;8;
MQ_03250_FV3_G (MQ105);53;44;28;17;14;26;26;34;59;127;140;173;158;143;161;154;157;152;164;161;129;65;58;23;
MQ_03250_FV3_L (MQ1050);45;22;29;15;13;10;12;18;17;51;32;51;61;68;65;57;63;63;60;58;54;35;17;10;
MQ_03250_FV4_R (MQ1051);34;25;20;18;13;8;8;8;14;27;43;49;60;71;77;61;58;67;73;69;57;34;27;12;
MQ_03250_FV4_G (MQ1052);135;100;79;70;52;32;33;32;54;108;174;197;239;282;306;243;233;269;293;278;228;134;109;46;
MQ_03250_FV4_L (MQ1053);11;8;9;8;3;4;4;3;1;5;3;7;14;11;12;22;14;23;32;18;17;7;7;4;
MQ_03030_FV1_R (MQ1054);4;7;1;3;2;0;5;14;57;59;107;125;82;88;101;89;43;40;31;28;17;11;7;0;
MQ_03030_FV2_G (MQ1055);0;0;0;0;0;0;0;0;1;1;1;2;2;2;2;3;2;2;1;1;1;0;1;0;
MQ_03030_FV2_L (MQ1056);5;2;2;3;2;2;4;5;10;14;15;27;21;20;23;36;25;22;19;15;7;6;7;2;
MQ_03030_FV2_R (MQ1057);4;2;1;2;1;2;3;4;7;9;11;18;14;14;16;24;17;15;13;10;5;4;5;1;
MQ_03030_FV3_G (MQ1058);73;44;50;15;16;55;45;46;101;197;261;369;351;347;399;407;321;358;370;310;255;141;96;45;
MQ_03030_FV3_L (MQ1059);13;9;8;0;1;1;6;8;68;42;91;84;98;105;101;85;68;42;52;47;50;14;14;5;
MQ_03080_FV4_R (MQ106);7;5;2;4;2;2;4;3;10;35;28;30;34;29;36;41;25;32;36;39;42;16;6;3;
MQ_03030_FV3_R (MQ1060);1;1;1;0;0;1;1;1;1;3;4;5;6;6;6;6;5;5;6;5;5;2;2;1;
MQ_03030_FV4_G (MQ1061);1;1;1;0;0;0;1;1;2;6;7;10;12;11;12;11;11;11;10;8;4;3;2;1;
MQ_03030_FV4_L (MQ1062);8;5;5;3;2;2;3;5;15;37;49;65;78;75;79;72;76;73;64;55;28;18;11;4;
MQ_03030_FV4_R (MQ1063);8;5;5;3;2;2;3;5;15;37;49;65;78;75;79;72;76;73;64;55;28;18;11;4;
MQ_03120_FV1_G (MQ107);260;158;97;69;69;104;109;137;215;379;558;639;682;727;808;705;627;766;733;661;452;337;218;107;
MQ_03020_FV2_R (MQ108);10;8;1;3;2;1;6;6;10;20;36;32;50;39;55;44;47;54;48;36;39;22;17;2;
MQ_03120_FV1_R (MQ109);3;2;1;1;1;1;2;2;2;4;6;7;8;8;9;8;7;8;8;8;5;4;3;2;
MQ_08050_FV2_L (MQ11);37;18;6;11;20;14;11;19;24;22;53;95;144;182;163;131;115;128;95;61;44;22;15;16;
MQ_03120_FV2_L (MQ110);3;3;3;1;0;2;8;6;7;10;21;19;13;33;18;21;65;41;22;22;15;7;4;2;
MQ_03120_FV2_R (MQ111);3;1;2;1;1;0;3;6;1;7;18;20;11;14;19;76;103;27;15;11;17;50;4;44;
MQ_06160_FV3_L (MQ112);2;1;1;0;4;2;1;7;3;13;20;25;28;30;47;34;37;33;48;39;20;18;8;5;
MQ_03120_FV3_G (MQ113);199;121;77;51;36;97;123;113;153;345;499;576;655;693;730;708;654;759;799;711;539;302;206;101;
MQ_03020_FV2_G (MQ114);18;15;8;7;7;8;10;12;25;57;55;57;89;91;101;80;106;115;95;79;65;39;32;15;
MQ_03120_FV3_L (MQ115);7;2;2;5;0;13;5;7;6;17;19;15;25;22;23;26;12;36;25;37;29;11;8;1;
MQ_03140_FV1_G (MQ116);184;98;65;37;34;61;101;96;136;295;451;552;614;692;695;705;586;691;722;645;467;259;173;83;
MQ_03140_FV1_L (MQ117);3;5;2;0;0;0;3;4;1;11;22;18;19;38;30;32;18;23;30;18;17;4;9;2;
MQ_03140_FV1_R (MQ118);5;3;2;1;1;2;2;3;4;7;12;13;15;16;17;17;14;17;19;16;12;8;5;3;
MQ_03140_FV2_G (MQ119);0;0;0;0;0;0;0;0;0;0;1;1;1;1;1;1;1;1;1;1;0;0;0;0;
MQ_03290_FV3_G (MQ12);160;134;100;77;78;71;61;73;62;101;136;135;170;187;184;200;222;210;219;196;197;120;104;60;
MQ_03140_FV2_L (MQ120);3;2;1;1;0;0;0;3;3;7;10;12;13;12;17;21;15;17;19;10;7;3;3;1;
MQ_08040_FV1_L (MQ121);75;56;26;22;26;12;14;12;3;6;20;31;32;45;47;54;47;40;55;47;34;31;35;8;
MQ_03140_FV2_R (MQ122);5;2;1;1;1;1;1;4;5;12;16;18;20;19;27;33;24;28;31;16;12;5;4;1;
MQ_08040_FV1_G (MQ123);276;172;108;111;88;62;51;45;60;127;179;214;304;340;368;313;308;334;286;295;288;191;161;71;
MQ_03140_FV3_G (MQ124);209;139;87;65;66;96;103;119;191;360;544;584;655;736;765;716;641;777;753;672;453;316;205;91;
MQ_03140_FV3_L (MQ125);5;2;2;2;2;0;1;2;3;6;23;10;13;26;21;20;20;15;32;31;15;14;7;0;
MQ_03140_FV3_R (MQ126);4;3;2;2;2;2;3;3;4;7;11;11;13;14;15;14;12;14;14;13;9;7;4;2;
MQ_08040_FV1_R (MQ127);200;95;62;49;29;30;24;21;19;40;65;77;69;101;99;98;108;107;103;94;89;59;45;15;
MQ_08040_FV2_R (MQ128);47;12;12;10;6;9;12;2;3;22;27;41;42;36;41;72;65;58;66;63;28;11;4;6;
MQ_08040_FV2_L (MQ129);15;11;6;9;1;7;11;12;7;38;55;81;105;80;104;94;77;64;70;72;34;22;8;7;
MQ_08050_FV3_G (MQ13);152;116;70;63;46;71;74;96;172;347;422;523;466;507;586;404;541;567;574;470;334;178;103;58;
MQ_03140_FV4_G (MQ130);6;7;3;3;0;0;1;0;0;7;18;27;35;35;39;35;18;31;24;16;10;11;5;2;
MQ_03140_FV4_L (MQ131);6;1;1;2;1;2;2;4;4;16;21;35;35;35;31;26;17;24;31;29;18;9;14;4;
MQ_03160_FV1_G (MQ132);169;93;64;37;45;73;103;103;158;316;475;533;613;678;712;680;564;690;709;623;438;240;148;66;
MQ_03160_FV1_L (MQ133);45;25;14;7;9;15;17;22;22;83;72;124;152;135;135;140;138;143;132;162;82;54;46;23;
MQ_03160_FV1_R (MQ134);14;8;6;4;3;6;9;9;13;24;33;36;44;46;48;48;42;49;51;46;31;19;11;6;
MQ_03160_FV2_G (MQ135);68;37;35;38;21;39;37;50;75;123;145;173;170;198;199;221;193;217;251;204;149;94;67;25;
MQ_03160_FV2_L (MQ136);2;2;2;2;0;1;0;1;0;10;7;9;9;21;14;15;11;10;13;16;10;7;3;1;
MQ_08040_FV3_L (MQ137);61;39;24;18;21;36;30;50;95;170;211;301;263;308;323;221;284;303;285;234;153;77;46;28;
MQ_03160_FV3_G (MQ138);142;117;69;47;43;48;61;78;134;264;368;457;466;530;554;514;463;591;555;477;315;198;133;53;
MQ_08040_FV3_R (MQ139);11;17;7;0;3;9;14;22;27;28;56;74;84;92;101;74;60;63;56;36;27;13;9;8;
MQ_03070_FV1_L (MQ14);9;1;2;2;1;1;0;2;5;8;20;17;7;41;28;26;21;21;54;15;12;5;3;0;
MQ_08040_FV3_G (MQ140);135;91;53;59;55;46;50;64;92;196;240;276;285;319;361;277;346;365;368;293;221;115;65;48;
MQ_03160_FV3_L (MQ141);4;3;2;6;0;2;1;2;4;6;10;11;12;13;12;15;9;11;20;23;8;8;4;0;
MQ_03160_FV3_R (MQ142);1;0;0;0;0;0;0;0;1;1;2;2;2;3;3;3;2;3;3;3;2;1;1;0;
MQ_03160_FV4_G (MQ143);24;32;22;24;13;20;20;16;16;45;52;63;71;83;115;64;88;74;90;87;78;43;51;16;
MQ_03160_FV4_L (MQ144);103;97;63;57;42;52;63;45;58;116;152;168;201;229;259;200;221;241;249;232;190;121;125;63;
MQ_03171_FV1_G (MQ145);157;88;53;37;41;64;79;83;156;287;449;500;522;559;625;591;418;558;519;516;348;194;126;60;
MQ_08040_FV4_R (MQ146);85;51;25;15;16;19;35;35;51;124;154;196;272;305;326;340;276;331;268;252;176;116;80;37;
MQ_08040_FV4_L (MQ147);84;43;26;24;24;19;23;21;30;49;83;85;79;108;121;106;104;126;127;101;81;36;29;16;
MQ_08040_FV6_R (MQ148);11;8;10;5;3;3;5;9;14;21;29;34;33;33;26;33;42;42;48;34;23;5;1;3;
MQ_03171_FV1_L (MQ149);0;1;2;0;0;0;1;0;2;2;2;8;6;7;6;5;3;10;6;9;6;2;2;1;
MQ_03290_FV4_G (MQ15);60;85;73;54;51;50;24;17;38;88;91;124;156;167;161;173;179;206;186;196;139;96;84;32;
MQ_03171_FV3_G (MQ151);147;120;76;52;45;36;57;72;128;257;334;425;466;502;542;512;465;582;566;486;326;198;137;50;
MQ_03171_FV3_R (MQ152);1;1;0;0;0;0;0;0;1;1;2;2;2;3;3;2;3;3;3;2;2;1;1;0;
MQ_03180_FV1_G (MQ153);122;97;63;42;45;24;45;49;71;155;222;279;314;321;338;309;299;340;353;285;222;137;105;44;
MQ_03180_FV1_L (MQ154);10;5;5;0;1;1;1;0;7;16;12;19;24;26;19;25;20;25;36;28;25;14;10;7;
MQ_03180_FV1_R (MQ155);10;8;5;4;4;1;4;5;6;12;16;21;23;24;24;23;22;23;25;20;17;11;9;4;
MQ_03180_FV2_G (MQ156);27;17;9;9;4;7;6;7;18;31;56;75;93;98;99;89;90;95;88;95;70;45;43;12;
MQ_03180_FV2_L (MQ157);3;3;1;2;0;0;0;0;0;9;6;11;7;12;14;7;17;17;18;13;13;10;4;1;
MQ_03180_FV2_R (MQ158);3;2;1;2;0;0;1;0;2;5;6;9;9;15;12;9;12;11;11;11;9;6;5;3;
MQ_03180_FV3_G (MQ159);96;61;35;28;26;48;44;33;93;151;256;271;282;299;362;344;228;346;286;300;196;118;77;32;
MQ_03290_FV4_L (MQ16);118;69;45;42;45;26;26;23;38;83;149;140;198;204;213;173;162;177;163;173;102;67;54;20;
MQ_03180_FV3_L (MQ160);61;24;18;8;7;14;29;49;52;137;222;237;248;273;279;240;178;223;240;222;145;74;41;16;
MQ_03180_FV3_R (MQ161);3;2;1;1;1;1;1;1;2;3;6;6;8;7;9;9;7;9;8;8;5;3;2;1;
MQ_03180_FV4_G (MQ162);19;15;7;7;3;6;8;12;12;26;49;42;54;50;70;83;78;86;98;78;50;27;17;12;
MQ_08041_FV1_G (MQ163);387;252;166;146;141;89;74;51;
MQ_03180_FV4_L (MQ164);12;10;9;6;3;6;3;8;16;25;43;46;43;54;63;48;57;58;61;76;37;25;15;6;
MQ_08041_FV1_L (MQ165);25;9;6;5;1;3;4;0;
MQ_08041_FV1_R (MQ166);17;13;9;16;5;3;4;4;
MQ_03180_FV4_R (MQ167);40;31;21;12;6;15;18;23;66;113;133;174;186;216;245;239;210;281;256;230;130;67;46;14;
MQ_03021_FV1_G (MQ168);91;60;66;18;20;61;56;54;176;240;350;468;477;475;518;502;409;420;446;379;314;157;112;58;
MQ_08041_FV2_L (MQ169);28;9;4;6;2;7;5;13;
MQ_03070_FV1_R (MQ17);20;13;3;4;5;24;20;21;26;66;68;91;83;98;126;109;89;111;105;77;55;28;23;6;
MQ_05010_FV1_L (MQ170);77;45;43;45;21;49;42;54;74;144;185;205;185;252;244;261;227;253;282;268;179;90;63;26;
MQ_05010_FV1_R (MQ171);0;1;4;2;0;1;1;2;1;6;14;11;13;14;7;13;7;13;10;16;6;2;3;0;
MQ_08041_FV3_G (MQ172);247;134;93;87;84;72;61;71;
MQ_05010_FV2_G (MQ173);62;51;35;28;19;37;39;32;42;103;88;129;157;177;164;172;175;169;186;176;112;75;81;41;
MQ_08041_FV3_L (MQ174);10;5;1;5;0;0;1;1;
MQ_08041_FV3_R (MQ175);4;3;1;1;8;4;17;0;
MQ_05010_FV2_R (MQ176);66;50;34;27;17;37;39;33;32;98;97;161;201;190;223;189;208;198;202;220;150;90;91;36;
MQ_03021_FV3_G (MQ177);125;80;47;27;35;49;65;67;111;240;322;392;475;588;630;611;563;679;598;466;317;221;132;55;
MQ_08041_FV4_L (MQ178);12;7;4;8;2;0;4;0;
MQ_05010_FV3_G (MQ179);5;1;6;3;2;2;2;5;8;22;25;39;54;38;46;50;29;34;41;40;22;11;14;2;
MQ_03070_FV2_G (MQ18);51;43;31;22;18;19;11;26;33;68;96;116;128;128;143;128;116;132;116;115;105;60;59;32;
MQ_03020_FV3_L (MQ180);6;3;4;0;3;1;3;6;7;9;22;24;30;27;24;28;28;25;31;17;12;8;5;2;
MQ_05010_FV3_L (MQ181);3;2;1;0;0;0;3;1;3;3;11;8;15;12;11;10;6;9;12;13;6;2;4;1;
MQ_16130_FV1_G (MQ182);3;3;0;0;0;10;9;7;7;24;16;11;13;21;19;12;18;14;21;22;17;1;7;1;
MQ_03020_FV3_G (MQ183);70;39;37;18;18;49;42;47;146;182;265;358;354;348;397;364;307;263;329;275;205;129;85;46;
MQ_16130_FV1_L (MQ184);7;8;2;1;0;5;3;5;5;32;26;28;20;27;42;46;28;45;47;27;12;11;6;2;
MQ_16130_FV1_R (MQ185);3;0;1;1;0;1;1;2;3;4;7;6;6;8;15;9;10;8;17;4;2;2;0;1;
MQ_16130_FV2_G (MQ186);92;63;41;30;16;21;28;29;52;114;137;199;204;235;281;256;227;237;257;220;172;102;87;55;
MQ_16130_FV2_L (MQ187);26;24;24;18;15;51;28;31;39;79;98;156;177;176;168;158;137;128;142;116;95;45;46;18;
MQ_16130_FV2_R (MQ188);5;2;5;1;0;3;4;4;16;46;45;54;58;37;36;36;32;46;32;12;23;12;12;3;
MQ_16130_FV3_G (MQ189);2;2;0;4;1;1;6;6;12;18;20;28;23;34;49;20;25;26;24;27;10;13;4;4;
MQ_03290_FV5_R (MQ19);54;56;31;24;18;21;3;9;4;14;25;23;31;39;52;43;57;57;64;73;58;33;40;14;
MQ_16130_FV3_L (MQ190);2;0;0;0;0;1;2;0;2;3;4;7;10;6;9;15;12;11;5;9;3;2;2;0;
MQ_16130_FV3_R (MQ191);25;16;14;13;7;14;22;14;35;98;154;114;129;139;152;141;136;180;166;142;106;57;30;17;
MQ_16130_FV4_G (MQ192);74;55;38;39;48;60;70;74;98;136;184;205;202;231;294;226;224;267;243;217;228;168;116;58;
MQ_16130_FV4_L (MQ193);1;1;1;0;0;2;0;1;2;9;7;15;9;10;12;6;7;14;11;4;2;2;2;1;
MQ_16130_FV4_R (MQ194);0;0;2;0;0;0;3;1;5;3;9;21;19;11;21;15;9;18;6;6;5;5;3;0;
MQ_03040_FV1_G (MQ195);98;75;37;25;24;34;60;61;145;237;365;444;454;523;583;530;431;445;460;378;286;182;109;43;
MQ_03040_FV1_L (MQ196);0;1;0;1;0;0;1;1;2;7;4;11;3;15;15;15;19;12;7;8;8;1;1;0;
MQ_03040_FV1_R (MQ197);0;0;0;0;0;0;0;3;5;3;5;7;13;5;7;3;2;4;8;3;1;0;1;0;
MQ_03040_FV2_G (MQ198);1;1;1;1;0;0;1;3;2;7;7;8;11;13;13;12;13;13;10;5;4;3;2;2;
MQ_03040_FV2_L (MQ199);1;1;1;1;0;0;1;3;2;7;7;8;11;13;13;12;13;13;10;5;4;3;2;2;
MQ_03070_FV1_G (MQ2);59;40;23;17;13;27;40;43;104;177;289;304;304;347;363;315;234;293;299;235;188;110;56;27;
MQ_03070_FV2_L (MQ20);10;8;5;4;2;7;4;10;16;18;39;40;55;43;50;41;42;27;22;16;24;10;9;3;
MQ_08054_FV1_R (MQ200);3;5;4;2;3;3;0;6;7;7;12;12;10;23;16;22;14;13;14;14;9;2;8;4;
MQ_08054_FV1_G (MQ201);281;178;110;102;67;63;65;60;85;188;264;332;482;550;657;632;536;627;571;541;428;297;212;100;
MQ_03040_FV2_R (MQ202);1;1;1;1;0;0;1;3;2;7;7;8;11;13;13;12;13;13;10;5;4;3;2;2;
MQ_08054_FV2_R (MQ203);1;1;0;0;0;0;0;0;2;0;2;3;3;2;2;1;4;3;3;2;0;0;0;0;
MQ_08054_FV2_L (MQ204);1;2;0;0;0;0;0;0;2;1;6;13;13;8;19;14;7;10;6;5;3;0;3;1;
MQ_03040_FV3_G (MQ205);70;52;52;20;17;55;48;44;114;210;265;418;408;457;493;506;450;512;498;364;274;144;108;50;
MQ_03040_FV3_L (MQ206);1;3;1;0;0;1;0;1;3;0;2;8;6;2;7;4;1;1;8;6;3;4;5;0;
MQ_03040_FV3_R (MQ207);4;3;4;1;1;2;3;2;7;12;14;20;20;23;23;25;23;25;23;18;15;8;6;3;
MQ_08054_FV3_G (MQ208);153;110;64;67;50;71;79;98;179;363;470;559;508;553;600;439;558;596;567;476;322;180;98;58;
MQ_08054_FV3_L (MQ209);0;0;1;0;0;0;0;0;1;3;2;3;3;1;2;2;0;3;2;0;0;0;0;1;
MQ_03020_FV4_G (MQ21);13;14;11;2;7;8;10;13;29;50;57;64;71;80;92;80;89;112;105;65;49;20;26;5;
MQ_08060_FV1_R (MQ210);5;8;4;5;3;4;2;4;9;7;15;14;18;21;31;29;23;20;27;21;20;10;9;2;
MQ_03040_FV4_G (MQ211);0;1;0;1;0;0;0;1;3;4;6;8;9;15;9;6;8;7;7;3;2;2;0;0;
MQ_08060_FV1_G (MQ212);267;162;97;93;56;52;57;50;70;171;227;285;420;485;577;561;466;562;526;494;383;282;188;91;
MQ_03040_FV4_L (MQ213);0;1;0;1;0;0;0;1;3;4;6;8;9;15;9;6;8;7;7;3;2;2;0;0;
MQ_08060_FV1_L (MQ214);6;5;6;2;2;3;2;2;3;7;11;24;42;37;41;35;40;29;16;19;7;5;8;2;
MQ_03040_FV4_R (MQ215);0;1;0;1;0;0;0;1;3;4;6;8;9;15;9;6;8;7;7;3;2;2;0;0;
MQ_03050_FV1_G (MQ216);108;67;42;27;27;52;60;62;161;250;364;424;437;507;582;495;411;453;478;369;302;186;113;47;
MQ_03050_FV1_L (MQ217);13;15;11;7;9;11;10;13;34;66;106;110;91;93;116;113;90;110;110;59;48;23;22;9;
MQ_02010_FV3_L (MQ218);3;2;1;1;1;1;1;1;2;4;5;6;8;7;8;9;8;8;7;7;6;4;3;1;
MQ_08060_FV2_G (MQ219);7;6;4;3;2;2;8;3;8;18;45;63;61;50;58;58;52;64;47;41;22;16;6;2;
MQ_03020_FV4_R (MQ22);4;5;4;1;2;3;3;4;10;17;19;21;24;27;31;27;30;37;35;22;16;7;9;2;
MQ_08060_FV2_L (MQ220);36;36;25;47;21;23;20;24;39;53;45;73;101;47;74;118;80;49;61;83;65;34;69;39;
MQ_03050_FV1_R (MQ221);10;5;4;4;1;17;10;1;14;20;38;27;50;39;36;48;20;29;33;25;29;10;5;2;
MQ_03050_FV2_G (MQ222);50;35;33;22;6;16;14;15;45;69;88;162;226;173;178;194;203;197;165;132;99;61;51;37;
MQ_03050_FV2_L (MQ223);47;43;26;23;8;15;16;16;50;70;125;187;229;198;207;227;197;202;161;139;107;68;57;36;
MQ_08060_FV3_R (MQ224);9;6;6;2;3;2;5;8;14;47;47;63;65;56;49;55;51;52;60;43;36;11;14;4;
MQ_08060_FV3_G (MQ225);139;99;56;57;45;64;70;91;162;331;430;470;451;480;523;373;483;513;504;414;284;157;90;59;
MQ_03050_FV2_R (MQ226);34;17;21;13;4;10;10;5;31;42;56;102;125;118;109;123;127;112;91;82;66;33;28;20;
MQ_08060_FV3_L (MQ227);10;11;11;7;1;10;20;15;45;65;98;118;118;107;92;109;80;68;69;53;51;26;26;13;
MQ_03050_FV3_G (MQ228);67;45;47;17;16;40;44;37;86;178;220;347;356;403;413;445;403;460;441;346;238;139;93;47;
MQ_03050_FV3_L (MQ229);2;2;2;2;3;11;7;5;10;12;22;29;29;17;26;22;26;16;21;8;18;7;5;4;
MQ_03020_FV3_R (MQ23);3;2;2;1;1;2;2;2;6;8;13;16;16;15;18;16;14;11;14;12;9;6;5;3;
MQ_03050_FV3_R (MQ230);8;8;8;3;0;1;3;3;13;26;49;52;40;57;67;63;51;48;40;34;33;8;9;2;
MQ_03050_FV4_G (MQ231);17;7;9;10;1;5;13;16;17;33;40;43;59;71;62;60;59;59;70;51;31;29;16;8;
MQ_03050_FV4_L (MQ232);11;1;3;3;0;3;11;5;6;15;20;25;31;47;44;34;39;38;36;31;17;13;7;2;
MQ_08060_FV4_R (MQ234);21;20;15;4;5;8;10;12;39;35;51;99;104;128;115;114;98;99;94;92;62;36;27;20;
MQ_08060_FV4_G (MQ235);24;7;3;1;1;4;13;10;13;30;64;82;103;89;103;106;66;64;46;58;42;23;23;11;
MQ_08060_FV4_L (MQ237);6;3;1;5;1;4;6;6;10;11;13;15;22;36;35;21;29;26;22;26;18;3;10;1;
MQ_03130_FV1_G (MQ238);176;103;70;36;33;74;115;94;138;293;453;507;582;630;640;648;587;673;710;630;461;269;184;85;
MQ_03130_FV1_L (MQ239);2;3;2;0;0;3;12;2;6;11;23;27;35;26;41;35;20;22;23;24;29;9;5;1;
MQ_08020_FV1_L (MQ24);280;158;117;103;88;93;48;75;58;91;118;131;107;94;111;97;84;108;122;125;102;144;46;28;
MQ_03130_FV1_R (MQ240);18;10;7;5;3;7;10;8;12;25;37;41;45;49;50;49;47;54;59;50;39;27;16;9;
MQ_03130_FV2_G (MQ241);3;1;1;1;0;1;4;5;5;12;13;17;17;21;23;17;15;22;21;15;10;6;3;2;
MQ_03130_FV2_L (MQ242);5;2;1;1;0;1;6;8;7;19;21;26;26;33;35;26;23;34;32;23;15;9;5;3;
MQ_03130_FV2_R (MQ243);1;1;0;0;0;0;1;2;2;5;5;6;6;8;9;6;6;8;8;6;4;2;1;1;
MQ_06160_FV1_R (MQ244);3;3;2;2;1;1;1;3;3;7;9;14;14;16;16;15;13;11;9;9;7;5;4;2;
MQ_03130_FV3_G (MQ245);242;151;103;76;68;101;127;142;223;389;536;606;675;712;780;730;625;757;717;637;449;343;214;94;
MQ_03130_FV3_L (MQ246);28;20;11;9;15;13;15;24;39;65;91;117;133;131;137;129;118;144;141;123;84;58;38;19;
MQ_03130_FV3_R (MQ247);6;4;3;2;2;3;4;4;5;10;14;16;17;18;20;18;16;19;19;17;12;9;5;3;
MQ_03130_FV4_G (MQ248);5;4;1;2;2;2;2;2;6;8;13;17;16;21;16;17;12;11;14;14;14;7;5;4;
MQ_03130_FV4_L (MQ249);296;324;303;397;396;412;337;286;318;401;426;366;269;486;273;280;192;274;259;215;229;360;212;343;
MQ_08020_FV1_G (MQ25);449;306;199;171;162;133;108;117;98;239;340;396;518;543;575;518;546;521;532;508;396;243;215;104;
MQ_03130_FV4_R (MQ250);15;11;4;6;5;5;6;7;16;25;37;52;46;62;49;51;35;33;40;43;43;20;15;12;
MQ_03150_FV1_G (MQ251);192;109;74;44;46;72;103;111;157;315;500;570;665;695;725;711;618;727;741;669;470;270;178;98;
MQ_06161_FV1_R (MQ252);53;22;12;9;6;18;22;44;50;120;199;206;221;241;269;222;180;177;204;170;137;72;49;16;
MQ_08070_FV1_G (MQ253);292;185;113;100;65;58;75;66;119;224;289;411;537;621;720;698;599;680;665;604;468;321;224;116;
MQ_03150_FV1_L (MQ254);15;3;6;1;7;4;14;7;22;22;47;68;65;74;64;80;62;61;76;58;48;34;17;5;
MQ_03150_FV1_R (MQ255);6;3;3;2;1;2;3;4;5;9;14;15;18;19;21;19;16;19;21;19;13;8;5;4;
MQ_08070_FV2_R (MQ256);10;10;5;2;2;2;4;3;5;9;18;27;11;15;32;11;16;12;12;11;12;4;6;1;
MQ_08070_FV2_L (MQ257);2;1;8;3;1;3;3;3;8;11;10;17;16;12;8;11;12;7;13;19;8;6;4;6;
MQ_03150_FV2_G (MQ258);178;164;7;52;106;10;100;29;17;126;88;43;69;154;154;72;75;79;97;86;61;26;15;223;
MQ_03150_FV2_L (MQ259);54;91;122;24;39;107;38;129;94;172;121;163;196;227;273;163;168;230;258;218;105;92;56;24;
MQ_08052_FV1_G (MQ26);267;170;104;93;63;57;62;59;89;189;253;325;452;485;627;574;505;598;554;520;410;279;199;93;
MQ_08070_FV3_G (MQ260);146;105;68;63;45;75;90;112;217;447;556;612;625;630;646;514;591;626;624;501;352;187;124;74;
MQ_03150_FV2_R (MQ261);76;70;3;22;45;4;43;13;7;54;38;18;29;66;66;31;32;34;42;37;26;11;6;95;
MQ_08070_FV3_L (MQ262);4;2;1;2;2;2;2;2;5;11;8;13;12;13;18;11;12;15;15;14;13;4;5;2;
MQ_03150_FV3_G (MQ263);129;95;60;45;38;55;44;64;110;229;313;364;388;448;480;436;422;515;525;435;282;154;108;46;
MQ_03150_FV3_L (MQ264);149;120;81;63;49;60;76;84;114;205;289;329;368;418;442;425;374;447;439;390;288;191;136;68;
MQ_03150_FV3_R (MQ265);5;5;4;4;3;2;2;3;6;9;12;16;14;17;18;18;18;19;28;21;12;6;5;2;
MQ_08080_FV1_G (MQ266);266;172;104;93;62;54;70;61;117;218;267;378;496;581;675;648;551;620;623;563;427;305;207;115;
MQ_08080_FV1_R (MQ267);1;1;0;0;0;0;0;0;0;1;1;1;2;2;2;3;2;3;2;2;2;1;1;0;
MQ_08080_FV1_L (MQ268);21;9;9;5;4;6;6;2;10;8;22;42;36;48;44;49;51;62;44;39;42;20;18;6;
MQ_06161_FV2_R (MQ269);25;18;7;5;2;5;12;9;10;22;53;44;70;73;83;86;95;101;125;99;65;38;22;8;
MQ_08020_FV2_R (MQ27);58;43;31;25;29;17;5;3;3;20;48;59;70;124;85;54;59;52;45;47;38;26;19;8;
MQ_06161_FV2_L (MQ270);70;53;37;32;30;46;33;64;98;125;235;223;234;264;303;269;273;353;323;307;203;107;81;34;
MQ_03150_FV4_G (MQ271);12;11;8;7;9;7;6;6;14;26;25;40;52;54;46;45;47;51;45;56;37;27;22;8;
MQ_08080_FV2_R (MQ272);12;8;5;7;2;2;2;8;16;27;38;36;46;40;47;35;37;58;50;37;23;11;4;3;
MQ_08080_FV2_L (MQ273);3;2;1;2;0;1;1;2;4;7;10;10;12;11;13;9;10;15;13;10;6;3;1;1;
MQ_08080_FV2_G (MQ274);1;1;0;0;0;0;0;1;1;2;3;2;3;3;3;2;2;4;3;2;2;1;0;0;
MQ_08080_FV3_R (MQ275);6;6;4;4;2;2;0;2;10;11;14;17;17;24;27;32;33;24;26;26;14;11;5;2;
MQ_08080_FV3_G (MQ276);143;99;62;57;47;75;87;108;202;429;529;584;580;596;610;494;559;587;595;473;342;185;123;74;
MQ_03150_FV4_L (MQ277);20;17;15;14;17;13;13;15;20;25;50;47;60;72;62;51;50;62;64;64;45;50;41;16;
MQ_08080_FV3_L (MQ278);3;2;4;0;1;2;1;1;3;13;10;12;17;11;10;14;16;19;20;14;11;3;3;2;
MQ_03150_FV4_R (MQ279);11;10;8;6;9;7;5;5;12;24;23;37;48;50;42;42;44;47;41;51;34;25;20;8;
MQ_08020_FV2_L (MQ28);76;65;47;61;40;34;13;8;7;45;75;80;107;143;141;112;66;83;74;80;70;65;49;12;
MQ_03170_FV1_G (MQ280);92;51;33;35;29;30;48;55;75;133;214;241;274;270;344;299;279;297;316;279;191;109;84;45;
MQ_06161_FV3_G (MQ281);52;46;27;18;17;15;26;24;63;105;143;167;213;215;239;215;199;202;229;161;111;69;45;30;
MQ_08080_FV4_G (MQ282);3;1;2;0;0;1;2;2;4;10;12;12;13;15;15;16;15;19;15;9;6;3;2;1;
MQ_08080_FV4_R (MQ283);0;0;0;0;0;1;1;2;3;5;5;5;5;6;6;9;5;6;6;5;2;2;1;1;
MQ_08080_FV4_L (MQ284);7;2;4;1;1;2;4;4;9;22;29;26;29;35;34;36;35;43;34;21;13;7;4;3;
MQ_03170_FV1_L (MQ285);75;38;23;13;22;34;43;41;69;158;260;286;319;354;356;350;250;324;305;294;218;108;67;27;
MQ_03170_FV1_R (MQ286);1;1;1;0;1;0;1;1;1;2;3;4;4;5;6;4;6;5;6;5;4;2;2;1;
MQ_06161_FV1_L (MQ287);28;15;17;10;10;12;9;11;20;40;60;70;89;93;88;74;65;88;83;82;53;28;25;17;
MQ_03170_FV2_G (MQ288);13;4;6;4;2;2;4;7;9;16;23;20;19;19;29;23;14;32;25;18;13;10;6;5;
MQ_03170_FV2_L (MQ289);27;20;15;10;11;18;18;24;31;65;88;84;69;99;98;88;70;107;120;86;58;44;20;8;
MQ_08052_FV1_R (MQ29);0;1;0;0;0;1;0;0;0;1;2;1;2;4;7;1;9;3;3;2;1;2;2;0;
MQ_03170_FV2_R (MQ290);12;4;6;4;2;2;4;6;8;15;22;20;18;18;28;22;14;30;25;18;13;10;6;4;
MQ_03170_FV3_G (MQ291);84;72;43;37;29;17;35;56;93;143;199;247;253;282;287;270;247;314;315;252;179;128;89;35;
MQ_03170_FV3_L (MQ292);67;52;38;22;18;22;29;37;50;129;154;193;234;245;281;249;239;283;286;246;160;83;53;20;
MQ_08090_FV1_G (MQ293);204;144;79;78;50;45;48;49;74;168;213;292;369;421;498;491;391;481;506;420;313;232;156;94;
MQ_03170_FV3_R (MQ294);1;0;0;0;0;0;0;0;1;1;2;2;2;2;2;2;1;4;4;3;2;1;1;0;
MQ_03170_FV4_G (MQ295);8;14;7;7;5;5;5;9;7;21;21;35;28;30;33;36;22;36;30;35;19;9;11;5;
MQ_03170_FV4_L (MQ296);27;42;16;16;9;16;12;16;20;46;53;77;122;101;122;123;97;125;108;103;67;47;29;12;
MQ_08090_FV1_L (MQ297);65;38;28;15;14;11;19;20;47;64;79;101;148;172;193;179;183;169;155;152;136;75;54;24;
MQ_03170_FV4_R (MQ298);1;1;1;1;0;0;0;1;1;2;2;3;2;2;3;3;2;3;2;3;2;1;1;0;
MQ_08090_FV2_R (MQ299);43;28;16;17;13;14;28;35;57;138;169;170;149;162;179;138;170;193;157;148;94;49;26;20;
MQ_03290_FV12_G (MQ3);148;122;67;64;49;50;51;44;43;82;113;118;158;188;202;184;188;202;206;191;152;83;67;44;
MQ_06160_FV2_G (MQ30);5;2;2;2;2;1;2;4;6;9;13;16;15;17;17;15;14;18;16;15;11;6;5;2;
MQ_08090_FV2_L (MQ300);8;2;3;1;2;4;0;9;7;26;19;23;21;29;24;31;43;40;32;28;15;11;8;5;
MQ_08063_FV1_G (MQ301);15;23;13;1;1;8;7;7;16;54;60;81;102;103;89;84;74;79;65;47;33;23;21;14;
MQ_08063_FV1_L (MQ302);3;1;0;2;1;2;2;1;8;9;16;10;22;10;12;15;7;8;11;12;10;5;6;5;
MQ_08090_FV3_G (MQ303);97;65;43;41;32;51;56;58;98;211;308;362;406;406;390;354;351;364;398;301;233;120;84;57;
MQ_08063_FV2_L (MQ304);16;10;8;6;1;10;21;11;35;64;101;113;133;138;113;120;76;88;76;58;40;23;12;13;
MQ_08063_FV2_R (MQ305);2;1;1;1;0;1;2;1;4;6;10;11;13;14;11;12;8;9;8;6;4;2;1;1;
MQ_08063_FV3_G (MQ306);36;27;20;10;8;6;11;10;25;53;99;114;166;156;152;160;156;168;119;89;77;51;37;24;
MQ_08090_FV3_R (MQ307);9;5;3;6;2;0;4;15;29;45;44;38;33;42;45;42;48;53;48;52;38;18;10;5;
MQ_08063_FV3_R (MQ308);12;9;6;3;3;2;3;3;8;17;31;36;52;49;48;51;49;53;38;28;25;16;12;8;
MQ_08062_FV1_G (MQ309);32;25;22;7;2;11;19;16;38;77;130;176;200;214;175;171;140;152;122;105;63;38;28;27;
MQ_08020_FV3_G (MQ31);385;319;173;162;134;137;118;116;115;235;280;323;379;383;476;462;472;499;546;488;410;198;161;113;
MQ_08062_FV1_L (MQ310);7;5;4;3;0;5;5;3;2;15;38;37;41;37;35;27;20;25;32;17;20;12;10;4;
MQ_08062_FV2_L (MQ311);9;6;1;2;11;6;22;8;0;7;22;52;91;84;69;55;53;31;27;17;14;105;21;11;
MQ_08062_FV2_R (MQ312);7;4;1;2;9;4;17;7;0;5;18;40;71;65;54;43;41;25;21;13;11;82;17;9;
MQ_08062_FV3_G (MQ313);20;16;23;7;10;8;18;14;22;56;115;112;55;78;53;37;42;37;33;18;16;7;4;4;
MQ_08062_FV3_R (MQ314);20;16;23;7;10;8;18;14;22;56;115;112;55;78;53;37;42;37;33;18;16;7;4;4;
MQ_08061_FV1_G (MQ315);20;18;15;7;7;12;23;23;36;77;161;207;203;187;188;192;162;151;138;88;80;39;36;18;
MQ_08100_FV1_R (MQ316);0;1;0;0;0;1;10;1;0;0;4;0;0;1;6;6;0;1;9;1;2;0;1;3;
MQ_08100_FV1_G (MQ317);208;143;81;77;52;49;42;52;83;183;230;309;392;453;519;512;433;523;527;445;322;243;164;95;
MQ_08061_FV1_L (MQ318);2;3;2;4;0;3;2;1;9;10;11;12;7;13;14;8;9;8;12;8;9;2;4;2;
MQ_08061_FV1_R (MQ319);5;5;4;3;2;3;6;5;10;20;40;50;48;46;47;46;39;36;35;22;20;9;9;5;
MQ_08052_FV2_R (MQ32);0;1;1;0;0;0;0;0;0;0;3;1;2;0;4;1;1;1;4;0;0;1;0;0;
MQ_08061_FV2_G (MQ320);1;1;5;3;1;1;1;3;7;2;6;7;10;11;12;7;13;15;13;3;4;2;2;2;
MQ_08061_FV2_L (MQ321);8;8;6;5;1;1;7;2;6;18;25;22;25;16;29;22;24;30;27;28;15;10;9;10;
MQ_06170_FV1_G (MQ322);128;87;55;47;32;47;49;106;128;252;446;533;537;585;615;540;454;421;449;389;292;180;123;46;
MQ_08100_FV3_G (MQ323);99;69;46;46;34;49;56;64;122;253;352;393;436;447;431;395;394;383;433;349;270;136;94;59;
MQ_08061_FV2_R (MQ324);2;2;3;2;1;1;2;1;3;5;8;7;9;7;10;7;9;11;10;8;5;3;3;3;
MQ_08100_FV3_L (MQ325);0;0;0;0;0;0;3;4;1;1;1;2;1;0;0;2;2;1;2;1;2;2;1;1;
MQ_08061_FV3_L (MQ327);5;2;1;2;2;1;3;1;7;14;33;53;58;63;40;38;24;22;16;6;9;5;4;3;
MQ_08061_FV3_R (MQ328);11;6;5;2;2;3;4;5;10;16;37;51;62;67;53;55;39;41;37;33;22;11;10;8;
MQ_08061_FV4_G (MQ329);1;2;1;1;2;2;1;4;0;6;5;5;8;14;12;9;17;17;11;5;5;1;1;2;
MQ_08052_FV2_L (MQ33);1;2;0;1;0;1;0;0;0;0;1;1;3;3;3;3;6;3;3;4;1;0;0;0;
MQ_08061_FV4_L (MQ330);1;0;0;0;2;1;2;1;0;2;4;5;4;6;9;6;14;9;5;4;5;2;0;1;
MQ_08061_FV4_R (MQ331);2;2;1;1;5;3;3;6;0;9;10;12;14;23;24;17;36;30;18;10;12;3;1;3;
MQ_08065_FV1_G (MQ332);3;0;1;5;31;28;23;49;10;0;9;9;10;20;31;38;17;5;9;7;12;1;7;2;
MQ_08110_FV1_G (MQ333);206;140;78;78;52;49;42;51;72;169;220;297;383;423;490;492;418;495;492;414;306;232;160;89;
MQ_08065_FV2_L (MQ334);2;0;0;0;0;1;0;2;1;0;4;6;5;8;17;7;7;4;7;3;9;1;3;2;
MQ_08110_FV1_L (MQ335);8;5;5;6;2;1;2;3;17;23;20;22;21;38;42;34;29;42;46;40;23;18;13;4;
MQ_08065_FV2_R (MQ336);1;0;1;0;0;2;0;0;4;0;7;4;5;7;7;7;5;2;10;4;2;0;1;0;
MQ_08065_FV3_L (MQ337);1;0;0;0;0;0;0;0;1;0;1;9;7;8;7;5;2;5;2;2;2;1;1;0;
MQ_06170_FV2_R (MQ339);2;2;3;5;2;2;5;3;12;21;47;33;44;50;49;48;28;44;33;24;17;17;6;9;
MQ_08052_FV3_G (MQ34);154;113;67;63;48;68;79;95;178;351;438;519;491;532;604;431;544;571;555;461;319;172;99;58;
MQ_08110_FV3_R (MQ341);1;3;0;1;1;1;1;7;16;24;24;21;20;15;20;16;23;18;27;18;15;6;2;1;
MQ_08110_FV3_G (MQ342);103;73;43;46;36;49;56;74;141;277;363;405;445;444;429;391;399;417;444;358;274;138;92;56;
MQ_08052_FV3_L (MQ35);0;1;0;1;0;0;0;0;0;1;1;6;3;3;3;2;4;3;1;0;0;0;0;0;
MQ_08120_FV1_R (MQ350);6;20;16;11;7;11;5;1;3;4;5;3;9;9;7;10;4;9;4;7;8;8;4;5;
MQ_08120_FV1_G (MQ351);188;115;57;60;37;37;35;47;62;145;192;265;335;379;448;455;381;450;443;369;279;202;146;80;
MQ_08120_FV1_L (MQ352);7;6;2;1;3;1;0;5;5;11;24;24;30;32;25;19;27;35;26;28;11;17;5;2;
MQ_08120_FV2_G (MQ354);0;1;0;0;0;0;0;1;3;2;4;4;7;4;5;4;5;4;4;6;4;1;1;1;
MQ_08120_FV2_R (MQ355);3;6;2;1;1;4;2;8;17;27;40;55;74;40;;40;70;64;53;44;29;13;24;4;
MQ_08120_FV2_L (MQ356);2;3;1;0;0;2;0;5;11;7;16;17;29;18;22;15;21;14;16;26;16;5;6;2;
MQ_06170_FV3_G (MQ357);93;79;57;36;34;44;51;62;111;303;382;438;463;509;607;518;508;590;623;566;284;153;95;48;
MQ_06170_FV5_G (MQ358);94;76;52;32;30;43;52;58;101;290;375;438;467;508;592;530;509;603;636;563;290;159;101;47;
MQ_08120_FV3_G (MQ359);96;63;41;45;34;43;51;61;128;250;340;360;391;408;387;370;365;395;427;351;249;131;79;52;
MQ_03020_FV1L (MQ36);10;4;3;1;2;1;7;5;17;34;37;26;48;62;70;66;50;72;67;63;31;17;11;3;
MQ_08120_FV3_R (MQ360);4;3;2;2;1;2;3;3;7;12;17;16;19;19;18;19;18;18;20;17;12;7;4;2;
MQ_06170_FV5_R (MQ361);4;3;2;1;1;2;2;2;4;9;13;15;16;18;19;17;17;19;21;19;11;6;4;2;
MQ_08120_FV4_G (MQ362);0;0;0;0;0;0;0;0;1;0;1;0;0;1;1;1;0;0;0;1;1;0;0;0;
MQ_08120_FV4_R (MQ363);1;0;0;0;0;0;0;0;2;1;3;2;1;5;4;4;2;1;1;4;2;1;0;0;
MQ_08120_FV4_L (MQ364);1;0;0;0;0;0;0;0;2;1;3;2;1;5;4;4;2;1;1;4;2;1;0;0;
MQ_01090_16_DRad3 (MQ365);129;141;107;109;46;36;36;16;15;59;111;191;253;256;287;264;331;309;290;287;181;82;172;64;
MQ_01090_15_DRad1 (MQ368);111;78;26;27;24;17;27;26;59;153;245;268;331;385;408;436;308;291;297;250;143;61;62;48;
MQ_03023_FV2_G (MQ37);65;44;34;16;15;46;43;40;123;154;253;326;343;332;350;330;281;238;291;263;205;139;92;46;
MQ_08130_FV1_R (MQ371);21;17;19;9;7;14;8;7;16;14;27;30;39;37;36;74;46;41;50;44;32;22;21;18;
MQ_08130_FV1_G (MQ372);172;123;66;67;44;44;38;49;63;148;206;264;346;394;446;425;374;441;426;363;269;195;144;75;
MQ_06170_FV6_R (MQ374);11;5;3;4;5;2;9;11;17;29;40;38;59;51;42;49;39;44;50;40;24;24;12;4;
MQ_08130_FV3_G (MQ375);87;58;35;36;34;39;47;54;117;220;326;336;367;391;367;354;349;372;390;331;230;125;71;46;
MQ_08130_FV3_L (MQ377);3;3;1;1;0;1;2;3;2;5;7;12;19;22;28;22;10;32;34;17;28;4;9;0;
MQ_08053_FV1_G (MQ38);271;169;104;95;63;57;62;58;85;179;248;311;438;493;628;575;507;594;559;524;407;287;198;94;
MQ_08140_FV1_G (MQ385);86;59;32;35;32;39;48;52;116;217;343;357;368;415;388;377;379;396;435;358;252;131;75;38;
MQ_08140_FV2_G (MQ386);168;127;53;71;43;38;39;37;63;138;218;250;354;369;457;423;382;443;441;382;277;194;153;74;
MQ_08053_FV1_R (MQ39);1;3;1;1;2;2;1;4;2;5;14;29;24;18;14;12;7;10;9;6;7;2;3;3;
MQ_29100_FV1_G (MQ392);;;;;;;;;;;;;;;;;;;;;;;;;
MQ_29100_FV2_G (MQ393);152;119;54;65;43;35;37;43;56;122;183;227;315;331;414;388;342;412;391;335;246;176;137;69;
MQ_29110_FV1_G (MQ398);142;88;52;54;58;55;70;64;177;334;499;493;577;638;598;561;553;594;650;553;386;226;133;60;
MQ_29110_FV2_G (MQ399);;;;;;;;;;;;;;;;;;;;;;;;;
MQ_03290_FV12_L (MQ4);196;159;92;78;80;70;38;45;47;119;140;185;185;193;224;209;218;215;247;217;194;85;66;48;
MQ_08053_FV2_R (MQ40);3;3;3;1;3;1;0;4;1;1;9;27;27;47;26;31;16;3;6;9;5;1;6;1;
MQ_29120_FV1_G (MQ402);125;96;45;51;33;29;33;35;50;108;146;200;266;262;349;316;285;337;318;276;194;137;110;54;
MQ_29120_FV1_L (MQ403);27;21;10;11;7;6;7;8;11;24;32;44;58;58;77;69;62;74;70;61;43;30;24;12;
MQ_29120_FV2_R (MQ404);7;8;5;2;4;7;9;8;16;20;26;35;29;29;30;33;31;29;34;23;21;15;10;4;
MQ_29120_FV2_L (MQ405);4;5;3;1;2;4;5;5;8;11;14;19;15;16;16;18;17;15;19;13;12;8;5;2;
MQ_29120_FV3_G (MQ406);70;41;24;32;25;25;27;35;84;148;247;252;288;329;321;299;278;310;358;266;189;104;59;30;
MQ_06160_FV1_L (MQ407);46;39;16;17;11;15;16;15;44;52;80;100;131;139;163;139;116;116;132;80;83;41;31;23;
MQ_29120_FV3_R (MQ408);3;2;1;1;1;1;1;2;4;6;10;10;12;14;13;13;12;13;15;11;8;4;3;1;
MQ_08053_FV2_L (MQ41);5;9;7;2;2;1;2;2;4;6;11;35;29;29;31;21;17;13;11;9;8;4;1;2;
MQ_08053_FV3_G (MQ42);150;106;62;61;44;68;79;94;174;343;435;490;467;511;579;417;532;572;546;458;311;172;99;58;
MQ_08053_FV3_L (MQ43);6;1;1;1;4;1;1;2;4;8;32;39;43;38;32;23;20;17;11;22;11;4;1;0;
MQ_03290_FV12_R (MQ432);99;81;44;43;32;33;34;30;28;54;75;79;106;125;135;123;125;134;138;127;102;55;44;29;
MQ_03290_FV3_R (MQ433);10;9;6;5;5;4;4;5;4;6;9;9;11;12;12;13;14;13;14;12;13;8;7;4;
MQ_03290_FV3_L (MQ434);63;46;31;23;36;24;14;14;12;15;13;17;32;24;26;39;30;48;44;38;38;20;11;19;
MQ_03290_FV4_R (MQ435);4;5;5;3;3;3;1;1;2;6;6;8;10;11;10;11;11;13;12;13;9;6;5;2;
MQ_08020_FV3_R (MQ436);103;84;51;61;50;47;29;26;36;77;47;69;80;59;86;105;88;135;122;112;58;69;45;36;
MQ_08030_FV2_R (MQ437);182;84;66;28;62;38;36;30;22;24;46;48;92;86;48;68;78;88;60;58;80;82;84;30;
MQ_08031_FV2_G (MQ438);6;3;1;1;1;0;0;0;0;1;1;2;2;2;4;2;2;3;2;3;2;0;1;0;
MQ_08031_FV2_R (MQ439);33;19;4;3;5;2;3;1;1;5;6;9;13;10;20;11;12;19;11;20;14;3;3;3;
MQ_06160_FV1_G (MQ44);72;59;46;35;28;18;25;48;59;111;185;257;268;306;288;266;243;216;191;159;150;90;59;28;
MQ_08031_FV4_G (MQ440);9;7;9;7;9;5;3;2;2;1;4;2;4;2;2;3;3;3;3;3;3;0;1;2;
MQ_08031_FV4_R (MQ441);49;40;48;39;50;31;16;10;9;6;20;12;20;10;11;20;18;16;14;17;18;0;5;12;
MQ_08032_FV2_R (MQ442);16;10;4;2;1;1;2;1;1;2;1;5;6;7;9;6;10;13;5;7;5;2;2;1;
MQ_08032_FV2_L (MQ443);10;6;2;2;0;1;1;1;1;1;0;3;4;4;6;4;7;8;3;5;3;1;2;1;
MQ_08041_FV2_G (MQ444);3;2;0;0;1;1;0;1;
MQ_08041_FV2_R (MQ445);14;9;2;0;3;3;1;6;
MQ_08041_FV4_G (MQ446);3;2;1;1;0;0;0;0;
MQ_08041_FV4_R (MQ447);26;14;13;9;3;2;2;1;
MQ_08060_FV2_R (MQ448);56;19;29;25;8;19;27;33;36;37;107;124;78;105;136;76;69;63;152;100;55;51;12;22;
MQ_08070_FV1_R (MQ449);3;2;1;1;1;0;1;1;1;2;3;3;4;5;6;5;5;5;5;5;4;3;2;1;
MQ_03070_FV2_R (MQ45);5;5;1;3;0;2;0;1;4;9;10;11;18;20;20;14;25;16;18;13;12;2;5;4;
MQ_08100_FV2_R (MQ450);24;13;12;14;6;4;3;7;13;21;20;30;22;25;26;36;39;33;27;27;15;26;24;5;
MQ_08100_FV2_L (MQ451);15;11;5;7;4;14;12;18;22;26;28;33;32;33;30;19;26;53;59;25;44;20;11;14;
MQ_08110_FV2_R (MQ452);3;3;2;1;1;1;1;5;8;12;16;14;16;19;19;22;21;18;14;15;8;5;5;1;
MQ_08110_FV2_L (MQ453);2;2;1;1;0;1;1;3;5;7;9;8;9;11;11;13;12;11;8;9;5;3;3;1;
MQ_06170_FV2_L (MQ454);21;8;12;6;6;5;9;12;35;56;71;63;89;91;101;99;107;95;96;89;46;32;17;7;
MQ_08130_FV2_R (MQ455);13;3;3;3;1;1;3;3;6;13;10;12;13;11;12;11;11;14;15;10;10;4;4;2;
MQ_08130_FV2_L (MQ456);40;8;8;10;2;4;9;9;17;38;30;37;40;34;35;34;34;43;44;30;29;12;13;7;
MQ_01210_FV5_L (MQ457);36;26;18;16;13;11;13;19;27;47;62;77;86;84;104;83;83;69;76;66;56;29;20;15;
MQ_01160_FV3_G (MQ458);442;378;518;306;405;193;933;306;324;330;667;804;760;793;1213;1108;1034;764;612;524;302;198;124;78;
MQ_01210_FV2_L (MQ459);20;16;12;9;7;8;11;12;23;40;52;66;66;65;74;60;59;61;59;50;37;21;16;10;
MQ_08030_FV1_R (MQ46);141;107;69;74;58;34;33;47;35;92;151;174;211;223;219;188;220;175;214;224;175;112;93;48;
MQ_01210_FV2_G (MQ460);11;9;8;5;3;5;7;7;18;30;40;48;48;50;51;41;46;48;45;37;24;15;13;6;
MQ_01210_FV2_R (MQ461);35;28;25;17;9;18;23;24;59;97;129;151;155;163;163;131;151;154;146;121;79;50;43;19;
MQ_01210_FV32_G (MQ462);146;120;69;49;35;65;72;101;204;370;516;638;573;664;626;612;484;535;617;540;426;273;180;103;
MQ_01210_FV12_G (MQ463);136;116;64;47;31;32;49;59;81;189;276;368;463;575;637;515;540;556;547;447;300;183;133;64;
MQ_02021_FV2_G (MQ464);221;156;93;84;72;87;113;135;199;367;535;620;648;702;751;671;620;725;691;635;449;327;230;104;
MQ_02021_FV1_G (MQ465);207;118;78;43;35;84;113;106;166;337;536;611;690;736;738;760;676;786;816;760;568;311;204;91;
MQ_02020_FV4_G (MQ466);146;74;60;25;20;67;74;74;96;221;358;402;462;502;548;527;477;605;599;524;414;219;158;62;
MQ_02020_FV3_G (MQ467);89;71;48;31;32;29;27;36;65;124;164;182;264;258;270;266;251;246;231;214;176;109;74;56;
MQ_02020_FV2_G (MQ468);200;131;75;62;52;77;92;117;169;308;471;549;573;619;706;602;542;628;610;557;373;283;192;84;
MQ_02020_FV1_G (MQ469);91;80;43;45;39;33;38;51;90;168;226;231;288;273;303;259;244;281;250;247;189;80;85;49;
MQ_08030_FV1_G (MQ47);453;354;231;218;204;153;108;104;87;182;271;297;404;433;494;457;415;465;454;414;355;262;206;88;
MQ_01051_FV1_G (MQ472);199;133;69;61;43;92;109;144;207;361;545;654;672;765;850;720;631;776;746;688;476;305;210;92;
MQ_01051_FV3_G (MQ473);198;106;72;44;36;64;86;86;114;250;356;442;490;512;578;510;506;650;622;558;444;262;200;98;
MQ_01060_FV1_G (MQ474);162;87;74;49;46;66;53;75;107;243;327;377;386;398;418;394;332;407;411;362;339;167;122;54;
MQ_01070_FV1_G (MQ476);145;64;62;47;45;68;39;54;94;213;289;325;365;355;391;361;312;417;410;353;325;171;101;38;
MQ_01060_FV3_G (MQ477);180;155;89;63;57;51;56;66;98;169;277;338;448;484;447;414;416;416;390;377;298;228;179;89;
MQ_01070_FV3_R (MQ479);121;108;66;46;37;40;36;42;105;180;230;256;363;354;376;363;357;390;333;318;260;155;113;60;
MQ_03290_FV4_GRL (MQ48);189;156;83;81;76;54;34;28;27;71;111;145;193;215;242;215;211;224;230;208;189;141;98;40;
MQ_01070_FV3_G (MQ480);174;156;90;61;60;47;55;65;94;164;278;328;434;483;439;422;414;410;389;374;296;222;174;90;
MQ_01080_FV1_G (MQ481);265;172;123;89;84;90;90;113;180;414;516;639;656;661;701;622;567;646;648;573;486;244;186;104;
MQ_01160_FV1_G (MQ482);298;180;114;79;50;55;83;109;155;317;468;688;791;811;941;857;889;940;873;707;547;306;234;124;
MQ_01080_FV3_G (MQ483);262;227;134;97;84;93;85;99;152;284;415;515;669;689;676;640;650;686;647;629;485;336;258;131;
MQ_01090_FV1_G (MQ484);225;147;101;63;61;74;92;104;174;417;528;665;659;646;741;653;559;656;627;548;467;230;183;96;
MQ_01090_FV2_R (MQ485);152;147;123;105;67;59;54;53;69;105;172;177;233;229;227;204;239;215;210;217;222;161;140;93;
MQ_01090_FV31_G (MQ486);257;216;117;76;73;83;78;92;154;313;432;535;689;709;694;660;657;710;665;666;472;327;258;124;
MQ_01110_FV1_G (MQ487);296;193;125;85;61;73;100;133;191;466;577;859;806;801;968;840;752;844;795;650;550;281;246;125;
MQ_01110_FV3_G (MQ488);273;231;126;78;78;81;95;134;184;356;549;690;821;860;855;807;779;881;855;781;549;353;288;134;
MQ_03181_FV3_G (MQ49);125;72;52;38;32;37;65;78;100;218;329;370;420;472;468;406;333;385;429;385;290;158;128;52;
MQ_01190_FV3_G (MQ491);137;105;62;47;32;36;59;93;135;328;430;524;442;543;498;458;405;458;500;439;282;189;136;72;
MQ_01140_FV1_G (MQ492);245;149;98;75;46;59;74;91;128;285;382;597;636;703;814;720;721;778;737;564;443;263;200;109;
MQ_01140_FV2_L (MQ493);52;50;40;28;16;13;27;28;54;68;111;125;125;115;125;156;144;144;133;116;90;56;57;29;
MQ_01190_FV3_L (MQ494);28;22;21;11;5;31;28;23;95;106;172;223;203;211;227;206;183;135;194;184;125;90;61;27;
MQ_01130_FV1_G (MQ495);283;172;119;88;58;74;92;104;144;339;440;682;746;794;928;828;827;879;795;616;501;297;228;132;
MQ_01050_FV4_L (MQ496);36;19;15;9;7;12;5;12;30;51;75;106;155;162;168;196;172;178;190;111;72;41;30;9;
MQ_01025_FV3_G (MQ497);397;253;136;85;72;92;98;147;208;342;558;700;875;991;956;892;801;878;872;701;541;403;283;139;
MQ_01025_FV2_L (MQ498);38;36;14;12;6;19;25;29;61;87;116;166;151;205;210;160;180;228;204;166;104;64;32;28;
MQ_01025_FV1_G (MQ499);292;136;114;57;60;129;123;132;193;469;710;739;764;836;863;776;693;860;892;802;637;375;246;119;
MQ_08050_FV1_G (MQ5);276;178;112;97;74;61;68;63;94;209;267;340;489;533;639;589;528;635;568;552;430;289;210;102;
MQ_03181_FV3_L (MQ50);20;11;9;6;6;3;5;5;11;14;24;47;47;56;50;56;69;50;64;59;48;26;26;4;
MQ_01050_FV1_G (MQ500);166;76;72;43;36;64;52;64;89;209;291;357;354;361;401;356;327;390;402;370;321;204;139;60;
MQ_01050_FV1_L (MQ501);153;68;58;26;29;63;68;68;78;209;342;335;365;405;410;390;344;437;434;371;352;194;135;62;
MQ_01050_FV2_G (MQ502);97;65;35;29;22;65;72;76;120;204;290;382;348;386;446;383;346;432;390;364;257;146;106;54;
MQ_01050_FV3_G (MQ503);190;156;86;70;62;44;54;44;90;142;274;356;428;502;442;432;406;519;414;360;298;228;172;72;
MQ_01050_FV4_G (MQ504);78;48;31;14;13;29;55;45;88;163;219;287;289;364;409;375;346;470;400;333;249;114;93;39;
MQ_01040_FV3_G (MQ505);987;1456;818;860;1325;765;95;143;397;345;555;673;822;910;854;1066;931;884;894;880;884;880;884;700;
MQ_01040_FV1_G (MQ506);309;139;114;65;59;363;120;127;189;463;717;750;795;830;884;844;863;891;889;889;888;885;886;655;
MQ_01190_FV2_R (MQ507);53;43;22;13;15;21;32;37;50;99;151;205;237;336;384;305;314;370;316;221;157;107;52;25;
MQ_01190_FV1_G (MQ508);182;138;97;65;48;39;44;71;100;196;271;395;480;535;603;559;545;529;556;463;341;217;146;90;
MQ_01030_FV3_G (MQ509);305;233;135;94;74;97;95;146;207;371;577;721;902;975;933;862;795;812;835;686;523;402;277;130;
MQ_03181_FV1_G (MQ51);54;43;27;17;12;21;27;32;70;119;174;201;223;269;297;289;279;350;341;292;182;91;68;22;
MQ_01030_FV1_G (MQ510);306;137;111;65;56;123;118;128;186;461;702;733;774;814;837;753;666;825;805;756;661;376;246;115;
MQ_01190_FV2_L (MQ511);29;19;16;6;4;8;7;18;26;54;65;70;98;89;91;114;112;117;135;96;78;45;41;13;
MQ_01140_FV31_G (MQ512);235;197;105;68;62;76;87;127;165;383;628;724;733;788;729;691;591;641;660;602;430;289;210;104;
MQ_01240_FV3_G (MQ513);102;75;44;34;23;35;52;84;158;277;386;481;440;519;461;448;370;403;489;424;357;235;160;80;
MQ_01240_FV1_G (MQ514);157;109;57;47;27;39;39;71;120;208;315;404;450;590;600;549;568;564;570;409;305;206;105;55;
MQ_01240_FV2_G (MQ515);127;89;42;34;22;28;27;67;70;137;215;288;317;344;372;320;278;302;293;282;191;114;75;30;
MQ_01230_FV3_G (MQ516);;;;;;;;;;;;;;;;;;;;;;;;;
MQ_01230_FV1_G (MQ517);3602;3600;3602;3600;3602;3600;3602;3600;3602;3600;3602;3600;3602;3600;3602;3600;3602;3600;3602;3600;3602;3600;3602;3600;
MQ_01220_FV31_G (MQ518);149;128;131;99;82;64;78;182;229;397;522;562;651;833;813;842;506;540;621;540;446;274;179;99;
MQ_01220_FV1_G (MQ519);163;130;73;44;32;32;46;91;98;192;331;469;597;717;809;758;726;706;818;594;516;256;104;88;
MQ_06160_FV2_L (MQ52);86;49;29;28;23;37;43;83;126;205;319;352;366;399;432;363;312;353;355;324;234;134;89;33;
MQ_01195_FV1_G (MQ520);259;202;121;88;68;63;77;114;165;304;447;609;716;918;1034;891;899;937;916;733;510;342;199;122;
MQ_01195_FV3_G (MQ521);160;125;82;59;35;63;86;121;231;431;609;724;635;752;705;645;553;583;682;598;396;276;199;100;
MQ_01200_FV3_G (MQ522);156;109;71;38;24;66;69;94;229;391;611;780;677;799;737;698;575;590;752;647;404;271;195;81;
MQ_01170_FV3_G (MQ523);137;107;82;53;34;38;60;92;142;342;447;551;498;576;547;500;457;511;536;462;305;201;152;83;
MQ_01170_FV1_G (MQ524);222;171;115;82;59;47;50;88;122;222;308;465;530;624;676;585;632;630;642;532;382;316;180;99;
MQ_01161_FV2_G (MQ525);337;251;172;120;107;100;76;106;147;318;428;540;585;617;654;600;565;566;629;563;505;313;239;125;
MQ_01150_FV3_G (MQ526);316;249;149;97;69;99;122;153;250;561;833;1005;984;1097;1002;963;815;863;895;792;551;361;255;140;
MQ_01150_FV1_G (MQ527);307;188;118;83;54;61;83;112;156;319;472;700;801;828;960;879;901;965;901;723;551;314;241;129;
MQ_01130_FV3_G (MQ528);260;214;110;78;70;80;96;140;179;426;682;797;839;866;825;786;687;752;756;717;490;319;233;119;
MQ_01025_FV1_R (MQ529);30;23;22;4;7;44;29;19;52;94;112;141;166;178;201;195;158;211;171;197;144;105;70;33;
MQ_08030_FV2_L (MQ53);147;176;89;78;64;54;34;29;31;82;113;151;197;200;220;199;185;194;189;189;149;96;102;63;
MQ_01025_FV2_R (MQ530);19;8;1;4;3;1;5;8;9;22;40;40;46;58;61;55;52;68;55;60;33;26;16;3;
MQ_01025_FV3_L (MQ531);27;15;6;13;9;12;13;6;10;17;34;44;42;72;59;69;70;58;72;60;62;47;31;17;
MQ_01030_FV1_R (MQ532);10;4;4;3;2;4;4;5;6;13;20;20;19;21;21;19;17;19;19;17;16;10;7;4;
MQ_01030_FV2_L (MQ533);117;38;17;14;7;6;6;6;7;6;16;27;38;57;44;56;50;57;52;54;56;40;22;23;
MQ_01030_FV3_L (MQ534);42;21;13;14;9;5;4;2;1;10;21;33;34;45;53;49;57;42;60;69;51;38;33;26;
MQ_01030_FV2_R (MQ535);69;26;10;8;3;8;3;6;7;8;22;37;37;52;33;44;56;43;51;67;51;43;25;15;
MQ_01050_FV1_R (MQ536);33;13;11;4;3;14;12;18;40;80;144;148;142;159;142;133;98;114;119;85;81;49;35;15;
MQ_01050_FV2_L (MQ537);1;2;1;0;1;0;1;4;5;9;13;16;10;12;6;14;12;17;14;21;16;4;2;4;
MQ_01050_FV2_R (MQ538);115;74;42;35;22;35;41;69;77;161;244;270;327;365;393;323;272;317;342;283;204;162;100;53;
MQ_01050_FV3_L (MQ539);9;10;4;3;4;2;8;3;15;19;23;23;30;27;32;76;38;54;26;31;23;18;18;7;
MQ_03070_FV3_G (MQ54);62;35;35;11;11;21;33;25;67;123;164;261;306;338;362;392;371;423;368;280;183;103;69;31;
MQ_01050_FV3_R (MQ540);5;3;3;1;5;0;2;2;3;4;12;13;9;16;13;14;19;18;16;19;17;8;5;3;
MQ_01050_FV4_R (MQ541);5;3;2;1;1;2;3;3;6;9;15;17;18;21;23;23;21;28;24;19;17;7;6;2;
MQ_01051_FV1_R (MQ542);4;3;2;1;1;2;2;3;4;7;11;13;13;15;16;14;12;14;14;14;10;6;4;2;
MQ_01060_FV1_R (MQ543);7;4;3;2;2;2;3;4;4;10;13;15;15;16;16;15;13;14;15;13;12;6;5;3;
MQ_01060_FV2_L (MQ544);;;;;;;;;;;;;;;;;;;;;;;;;
MQ_01060_FV2_R (MQ545);;;;;;;;;;;;;;;;;;;;;;;;;
MQ_01060_FV3_L (MQ546);3;2;1;1;1;1;1;1;1;2;4;5;7;7;7;6;6;6;6;5;4;3;2;1;
MQ_03070_FV3_L (MQ55);46;26;31;18;8;29;26;21;46;99;116;185;211;226;189;197;177;177;182;145;125;66;54;35;
MQ_01070_FV1_R (MQ551);9;4;4;3;3;4;3;4;6;14;19;21;23;23;25;23;20;27;26;23;21;11;7;3;
MQ_01070_FV2_G (MQ552);;;;;;;;;;;;;;;;;;;;;;;;;
MQ_01070_FV2_R (MQ553);;;;;;;;;;;;;;;;;;;;;;;;;
MQ_01080_FV1_L (MQ554);9;2;3;2;5;0;3;4;9;8;16;16;22;26;20;22;21;31;20;33;23;22;6;12;
MQ_01080_FV1_R (MQ555);13;8;7;4;3;3;5;6;8;21;27;32;32;31;33;30;28;28;29;25;21;10;9;5;
MQ_01080_FV2_G (MQ556);12;8;8;6;3;6;7;9;16;30;35;31;45;46;47;46;41;43;36;34;26;18;18;7;
MQ_01080_FV2_L (MQ557);19;19;11;13;6;13;12;9;26;47;53;77;75;80;81;76;56;88;64;56;51;38;20;18;
MQ_01080_FV2_R (MQ558);9;6;6;4;2;4;5;7;12;24;28;25;35;36;37;37;33;34;29;27;20;14;14;6;
MQ_01080_FV3_L (MQ559);122;109;81;79;57;52;47;45;51;95;121;181;216;191;215;212;202;228;203;220;164;124;113;64;
MQ_03070_FV3_R (MQ56);5;2;4;1;0;1;0;1;6;12;8;29;28;33;29;35;28;39;37;37;18;14;10;3;
MQ_01080_FV3_R (MQ560);19;16;10;7;6;7;6;7;11;21;27;33;45;44;46;40;42;44;43;42;34;24;18;9;
MQ_01080_FV4_G (MQ561);19;14;15;9;13;8;7;4;15;21;32;36;46;53;48;50;49;59;56;51;39;25;13;12;
MQ_01080_FV4_L (MQ562);15;11;12;8;10;7;5;3;12;18;26;29;38;44;39;41;40;49;45;41;32;20;11;10;
MQ_01080_FV4_R (MQ563);83;74;54;40;35;31;33;37;53;110;195;167;264;223;228;224;274;327;266;230;217;95;71;34;
MQ_01081_FV1_G (MQ564);94;82;60;41;39;37;34;36;67;141;198;212;236;254;277;274;257;307;338;254;202;113;85;37;
MQ_01090_FV1_L (MQ565);132;119;93;73;72;66;44;42;76;147;181;170;216;220;218;214;209;256;279;221;173;110;93;43;
MQ_01090_FV2_L (MQ566);89;64;55;38;26;23;17;27;38;104;156;196;153;154;194;184;151;151;157;103;84;72;78;32;
MQ_01090_FV31_R (MQ567);47;50;37;15;8;9;14;12;43;66;129;161;195;222;195;184;175;202;244;166;125;62;58;25;
MQ_03070_FV4_G (MQ57);55;48;38;21;19;18;20;25;40;64;131;132;140;149;160;148;153;182;179;146;108;61;49;27;
MQ_01110_FV2_R (MQ578);3;5;2;6;3;2;1;2;2;8;22;32;39;36;30;45;38;30;28;34;47;24;13;6;
MQ_08030_FV3_L (MQ58);53;25;16;7;7;8;5;2;5;8;18;22;32;23;25;24;36;32;28;36;28;6;10;6;
MQ_01123_FV1_G (MQ588);16;20;18;15;6;6;9;14;37;67;128;142;161;188;188;157;140;155;130;66;48;37;46;27;
MQ_01123_FV1_L (MQ589);0;0;0;0;0;0;0;0;0;1;1;1;2;2;2;2;1;2;1;1;0;0;0;0;
MQ_08030_FV3_G (MQ59);365;279;144;161;138;130;94;107;121;257;279;329;371;412;460;424;460;510;538;467;343;167;104;74;
MQ_01123_FV1_R (MQ590);0;0;0;0;0;0;0;0;0;1;1;1;2;2;2;2;1;2;1;1;0;0;0;0;
MQ_01123_FV3_G (MQ591);19;18;11;7;6;3;9;26;44;99;115;255;250;203;226;200;183;159;103;83;73;32;31;16;
MQ_01123_FV3_L (MQ592);0;0;0;0;0;0;0;0;0;1;1;3;2;2;2;2;2;2;1;1;1;0;0;0;
MQ_01123_FV3_R (MQ593);0;0;0;0;0;0;0;0;0;1;1;3;2;2;2;2;2;2;1;1;1;0;0;0;
MQ_01130_FV3_R (MQ594);2;1;0;0;0;0;0;1;1;2;3;4;4;4;4;4;3;4;4;3;2;2;1;1;
MQ_01140_FV1_L (MQ595);18;10;6;4;3;5;5;7;9;20;26;43;46;47;55;47;47;52;50;39;34;18;14;7;
MQ_01140_FV1_R (MQ596);5;3;2;2;1;1;2;2;3;6;8;12;12;15;17;16;16;16;15;12;8;5;4;2;
MQ_01140_FV2_G (MQ597);4;3;2;3;2;0;1;2;3;4;6;7;8;10;11;14;14;12;10;11;6;3;5;2;
MQ_01140_FV2_R (MQ598);7;6;3;5;3;0;1;3;4;6;11;11;13;16;19;23;22;20;17;18;9;5;8;3;
MQ_01140_FV31_L (MQ599);59;33;23;21;3;14;14;12;34;82;125;161;171;189;168;182;153;139;123;119;77;38;32;21;
MQ_08050_FV1_R (MQ6);29;20;5;8;21;12;13;14;17;63;105;140;201;182;157;147;119;86;45;49;40;18;19;10;
MQ_03070_FV4_L (MQ60);24;17;10;10;3;8;10;8;24;53;60;58;72;94;89;80;89;120;103;86;55;30;19;6;
MQ_01140_FV31_R (MQ600);22;20;19;8;4;9;21;13;52;99;77;113;79;121;102;88;76;82;115;74;45;30;18;14;
MQ_01140_FV4_G (MQ601);16;15;9;6;5;3;6;6;11;19;27;44;41;48;54;70;79;63;74;53;33;12;11;6;
MQ_01140_FV4_L (MQ602);0;0;0;0;0;0;0;0;0;0;1;1;1;1;2;2;2;2;2;2;1;0;0;0;
MQ_01140_FV4_R (MQ603);33;26;16;7;4;4;5;20;19;43;67;103;140;133;197;211;166;176;172;145;65;50;21;19;
MQ_01150_FV1_R (MQ604);10;9;10;7;2;9;4;6;12;37;25;42;54;65;78;95;88;70;78;69;33;30;20;8;
MQ_01150_FV3_L (MQ605);15;19;12;10;8;4;6;13;12;38;59;47;61;68;73;73;67;54;69;43;42;20;23;10;
MQ_01160_FV1_L (MQ606);147;95;50;41;33;41;34;48;71;137;193;253;318;282;342;327;359;422;404;294;261;132;99;62;
MQ_01160_FV2_L (MQ607);117;88;63;40;38;29;20;31;54;85;122;176;178;199;218;196;203;190;209;189;162;110;84;38;
MQ_01160_FV2_R (MQ608);176;138;84;65;48;54;44;59;75;199;266;306;338;349;361;342;296;316;336;294;258;159;125;65;
MQ_01160_FV3_R (MQ609);52;38;38;25;24;19;8;23;40;108;113;108;127;119;141;133;125;156;172;126;96;76;56;25;
MQ_03070_FV4_R (MQ61);36;24;11;8;9;24;25;23;56;97;126;157;136;145;227;182;155;188;170;141;104;70;30;14;
MQ_01160_FV4_L (MQ610);27;21;19;5;14;7;7;15;30;41;82;73;75;100;100;101;97;96;118;76;61;34;21;13;
MQ_01160_FV4_R (MQ611);26;23;19;16;10;12;8;14;18;50;65;57;80;100;109;94;110;130;120;82;80;28;22;15;
MQ_01161_FV1_G (MQ612);196;126;88;65;56;58;42;70;105;231;303;359;448;417;488;470;483;574;583;429;361;207;157;81;
MQ_01170_FV1_L (MQ614);80;45;33;19;10;13;33;36;49;139;205;266;267;291;308;290;263;291;231;242;187;100;83;34;
MQ_01170_FV2_L (MQ615);27;16;9;7;7;14;14;14;22;62;70;81;132;118;117;121;89;105;98;101;90;43;27;16;
MQ_01170_FV2_R (MQ616);63;52;30;12;10;26;34;34;67;200;232;296;334;325;279;289;228;228;231;223;140;98;57;24;
MQ_01170_FV3_R (MQ617);7;6;6;4;3;3;3;6;9;19;21;26;25;29;27;26;25;27;26;25;17;12;10;5;
MQ_01190_FV1_R (MQ618);66;54;34;25;19;19;19;29;41;71;98;137;165;182;187;180;183;170;182;148;116;78;50;34;
MQ_01195_FV1_R (MQ619);3;3;2;1;1;1;1;1;2;3;5;6;7;10;10;9;10;10;10;7;6;4;2;2;
MQ_03080_FV1_G (MQ62);72;48;26;20;15;62;61;74;132;232;364;391;384;432;451;392;311;381;364;289;214;118;88;32;
MQ_01195_FV2_L (MQ620);19;12;4;6;4;4;2;8;14;15;28;25;36;30;37;29;43;39;47;37;20;14;12;6;
MQ_01195_FV2_R (MQ621);11;9;12;8;4;4;9;16;26;29;49;38;56;40;55;36;38;47;54;37;28;19;10;5;
MQ_01195_FV3_L (MQ622);6;5;4;1;4;2;3;5;11;10;16;13;20;15;13;18;20;22;24;22;14;7;10;5;
MQ_01200_FV2_L (MQ623);17;15;3;5;4;2;10;8;18;31;40;45;61;70;49;38;61;44;56;56;35;21;25;12;
MQ_01200_FV2_R (MQ624);2;2;1;3;0;2;4;9;8;21;31;25;34;16;22;25;35;24;35;27;19;5;7;3;
MQ_01200_FV3_R (MQ625);;;;;;;;;;;;;;;;;;;;;;;;;
MQ_01210_FV12_L (MQ626);60;52;37;29;19;17;27;26;37;97;133;157;192;236;271;216;198;211;213;204;145;84;88;42;
MQ_01210_FV12_R (MQ627);6;5;3;3;2;2;3;3;4;9;13;15;19;24;27;21;20;22;21;20;14;9;9;4;
MQ_01210_FV32_R (MQ628);20;23;14;13;7;12;12;14;27;31;44;62;56;72;81;85;65;70;80;71;75;38;20;16;
MQ_01210_FV4_G (MQ629);3;4;0;0;1;1;1;2;7;13;9;4;3;9;2;9;8;23;10;10;13;2;2;0;
MQ_03080_FV1_L (MQ63);6;0;0;0;1;0;1;0;2;3;7;11;12;22;6;14;9;10;15;19;12;0;8;2;
MQ_01210_FV4_L (MQ630);0;1;1;2;3;0;0;1;1;4;1;9;6;6;1;4;5;8;12;8;4;3;0;0;
MQ_01210_FV4_R (MQ631);1;2;0;1;2;1;0;0;3;4;11;11;9;9;9;7;5;25;15;8;8;1;3;2;
MQ_01210_FV6_R (MQ632);36;37;27;16;13;13;12;20;34;68;94;107;129;128;158;115;111;113;133;128;67;35;25;19;
MQ_01220_FV1_R (MQ633);;1;1;;;;;1;;3;3;4;3;2;4;5;6;0;8;7;6;5;;1;
MQ_01220_FV31_L (MQ634);0;0;0;0;0;0;0;0;1;1;2;3;3;3;3;3;2;3;3;3;2;1;1;0;
MQ_01230_FV2_L (MQ635);2;0;0;3;0;0;5;4;15;8;8;8;9;11;19;11;17;7;12;10;23;8;6;1;
MQ_01230_FV2_R (MQ636);2;0;0;3;0;0;4;6;13;7;9;8;10;11;15;9;20;8;10;9;27;6;5;1;
MQ_01240_FV1_L (MQ637);47;27;12;10;9;9;15;12;30;42;80;97;126;157;161;136;142;162;142;130;89;51;24;15;
MQ_01240_FV3_L (MQ638);52;35;19;12;11;13;21;23;47;99;188;212;190;224;204;207;185;169;171;221;155;80;66;44;
MQ_01240_FV4_G (MQ639);87;65;42;28;27;33;52;49;92;173;274;309;299;344;336;288;259;293;282;234;144;86;49;21;
MQ_03080_FV1_R (MQ64);37;22;10;5;5;10;19;15;32;47;66;86;76;83;121;113;110;149;121;130;91;61;50;20;
MQ_01240_FV4_L (MQ640);28;30;12;17;5;12;8;17;34;85;101;109;109;125;174;116;111;148;119;86;56;27;20;5;
MQ_01250_FV1_G (MQ641);120;96;60;46;29;43;61;66;122;234;349;399;386;438;483;430;397;487;408;304;206;110;83;38;
MQ_01250_FV1_L (MQ642);5;13;8;5;5;2;2;4;16;28;26;30;32;29;38;33;35;49;43;42;21;9;3;2;
MQ_01250_FV2_L (MQ643);34;18;14;9;10;11;22;25;53;103;144;141;152;168;218;157;157;173;169;110;78;47;20;10;
MQ_01250_FV2_R (MQ644);7;3;6;2;3;4;7;9;24;26;42;46;47;52;59;52;48;55;61;47;19;19;7;7;
MQ_01250_FV3_G (MQ645);139;110;62;46;36;35;34;60;91;178;281;375;371;418;446;380;360;351;310;341;239;160;109;62;
MQ_01250_FV3_R (MQ646);59;39;25;16;12;14;16;37;45;94;132;162;201;221;234;209;205;185;214;209;147;72;57;25;
MQ_01250_FV4_G (MQ647);;;;;;;;;;;;;;;;;;;;;;;;;
MQ_02010_FV1_G (MQ648);;;;;;;;;;;;;;;;;;;;;;;;;
MQ_02010_FV1_L (MQ649);;;;;;;;;;;;;;;;;;;;;;;;;
MQ_03080_FV2_G (MQ65);41;28;18;20;15;12;14;10;17;34;36;43;46;62;55;51;51;64;48;57;53;43;28;19;
MQ_02010_FV2_L (MQ650);9;8;4;3;2;2;3;4;10;23;30;34;40;33;38;33;29;33;34;30;24;12;8;4;
MQ_02010_FV2_R (MQ651);16;13;6;4;3;3;4;8;18;40;51;59;68;55;65;56;48;56;58;50;40;19;13;7;
MQ_02010_FV3_G (MQ652);87;78;48;33;32;29;28;91;234;143;175;196;273;257;284;281;267;271;241;252;182;122;86;46;
MQ_02010_FV3_R (MQ653);9;9;6;3;3;3;2;17;49;17;21;22;29;29;32;29;27;29;29;28;19;12;8;6;
MQ_02020_FV1_L (MQ654);;;;;;;;;;;;;;;;;;;;;;;;;
MQ_02020_FV1_R (MQ655);;;;;;;;;;;;;;;;;;;;;;;;;
MQ_02020_FV2_L (MQ656);13;1;3;5;7;5;5;9;5;28;38;52;39;35;32;42;32;45;37;44;36;8;16;6;
MQ_02020_FV2_R (MQ657);41;41;23;20;27;13;22;18;33;58;85;95;112;131;114;113;115;147;158;116;103;65;41;24;
MQ_02020_FV3_R (MQ658);12;7;6;4;2;4;3;5;10;18;28;30;41;35;39;43;35;35;38;31;26;16;11;9;
MQ_02020_FV4_R (MQ659);12;8;4;3;2;5;6;6;8;16;23;30;34;34;37;34;33;44;42;37;31;17;12;6;
MQ_03020_FV1_R (MQ66);27;17;8;5;9;11;16;6;26;61;89;99;125;134;137;131;103;141;133;111;73;55;30;16;
MQ_03080_FV2_L (MQ67);2;0;0;0;3;1;0;1;3;13;9;10;8;18;15;9;4;7;7;8;4;3;0;2;
MQ_03080_FV2_R (MQ68);5;3;0;1;0;2;2;4;9;5;17;12;16;20;16;17;21;15;19;13;12;6;5;3;
MQ_03020_FV1_G (MQ69);93;69;38;18;30;36;47;58;76;188;220;295;373;411;410;539;500;436;454;350;254;175;101;43;
MQ_08050_FV2_R (MQ7);5;0;2;1;1;1;0;2;3;4;17;17;32;23;34;32;32;26;23;12;12;4;0;0;
MQ_03080_FV3_G (MQ70);86;45;42;15;12;28;39;35;72;148;197;268;316;381;409;407;406;480;438;303;201;103;77;31;
MQ_03080_FV3_L (MQ71);14;10;6;8;2;3;2;2;18;35;32;55;76;61;61;73;68;70;60;81;50;29;12;13;
MQ_06170_FV7_G (MQ72);125;84;53;41;29;50;48;108;133;269;470;552;555;611;645;563;464;429;458;396;289;181;125;53;
MQ_08031_FV11_L (MQ73);;;;;;;;;;;;;;;;;;;;;;;;;
MQ_08031_FV11_G (MQ74);404;226;118;114;100;81;62;57;59;156;246;284;374;415;441;408;389;415;406;374;328;228;198;76;
MQ_29010_FV1_R (MQ75);17;11;4;5;6;7;6;8;16;36;53;54;64;77;70;69;60;75;77;60;36;25;12;8;
MQ_29010_FV1_G (MQ76);25;16;7;7;8;10;9;13;23;55;80;81;95;115;105;103;90;113;115;91;55;38;17;12;
MQ_08031_FV11_R (MQ77);86;107;88;76;78;62;39;36;13;15;17;8;15;16;17;29;21;42;21;17;8;9;7;8;
MQ_29010_FV1_L (MQ78);41;35;10;15;12;15;28;21;62;121;149;160;172;217;229;206;215;245;254;200;118;56;40;15;
MQ_06170_FV7_L (MQ79);5;6;4;5;5;0;4;2;6;7;13;16;17;21;26;12;12;25;18;15;13;12;3;3;
MQ_03290_FV2_R (MQ8);241;141;91;74;75;72;39;41;27;77;114;168;209;202;253;234;242;235;252;234;177;126;87;54;
MQ_06160_FV3_R (MQ80);52;38;33;15;17;26;32;34;86;175;220;255;267;323;351;337;299;377;390;315;172;93;71;25;
MQ_08031_FV2_L (MQ81);40;20;7;5;6;2;3;2;3;3;6;9;11;17;27;23;18;23;8;35;18;8;15;4;
MQ_29010_FV2_R (MQ82);5;4;0;3;1;1;1;1;3;5;6;9;11;9;14;11;9;11;10;10;10;7;4;2;
MQ_29010_FV2_G (MQ83);13;12;1;7;3;2;1;4;7;13;17;25;31;26;41;33;25;31;28;30;28;19;11;5;
MQ_08031_FV3_ L (MQ84);66;31;40;28;19;5;6;4;3;3;18;6;7;11;15;15;20;21;15;15;5;3;2;0;
MQ_08031_FV3_G (MQ85);294;183;72;80;73;64;58;77;109;241;289;345;387;410;460;421;481;506;534;461;336;159;98;68;
MQ_29010_FV2_L (MQ86);0;0;0;0;0;0;0;0;0;0;1;1;1;1;1;1;1;1;1;1;1;1;0;0;
MQ_03181_FV1_R (MQ87);11;9;6;4;3;5;6;7;15;25;36;42;46;56;62;60;58;73;71;61;38;19;14;5;
MQ_08031_FV3_R (MQ88);24;17;49;95;19;39;50;6;148;20;28;25;29;22;41;26;29;42;38;26;14;6;3;11;
MQ_29010_FV3_R (MQ89);1;1;0;0;0;0;0;0;0;1;2;2;3;3;3;3;3;3;3;2;2;1;1;0;
MQ_03290_FV2_G (MQ9);100;71;76;43;38;31;31;34;52;92;154;164;219;226;247;215;220;230;275;248;202;127;90;54;
MQ_29010_FV3_G (MQ90);114;67;43;53;28;24;27;36;52;102;150;196;254;257;321;290;277;315;318;226;163;117;86;40;
MQ_06160_FV3_G (MQ91);70;52;45;27;23;26;30;42;61;190;240;252;255;266;334;288;289;290;304;309;167;87;50;24;
MQ_08031_FV4_L (MQ92);83;135;145;173;112;130;54;37;26;16;27;24;23;23;15;23;81;32;55;47;26;6;14;10;
MQ_29010_FV3_L (MQ93);36;30;13;13;8;11;27;22;54;83;159;183;234;212;227;185;152;210;195;148;99;64;32;21;
MQ_03181_FV1_L (MQ94);11;9;6;4;3;5;6;7;15;25;36;42;46;56;62;60;58;73;71;61;38;19;14;5;
MQ_29010_FV4_G (MQ95);7;2;6;2;0;2;1;2;15;17;27;21;27;26;38;26;22;41;32;26;16;13;8;4;
MQ_29010_FV4_R (MQ96);2;1;2;1;0;1;0;1;5;6;9;7;9;9;13;9;7;14;11;9;5;4;3;1;
MQ_29010_FV4_L (MQ97);41;26;11;12;14;16;16;20;39;92;128;129;152;186;165;165;137;185;177;145;84;63;30;20;
MQ_03080_FV3_R (MQ98);2;0;1;0;0;0;0;0;5;3;5;2;7;5;10;9;12;8;11;8;8;3;2;0;
MQ_03080_FV4_G (MQ99);30;24;13;11;11;13;11;7;20;29;50;44;48;54;46;48;45;78;62;53;64;28;20;10;
